-2.6534
1.415
-1.4101
-4.7784
2.6354
1.6844
-3.0343
1.503
2.399
-3.6603
0.7739
-1.945
2.2076
0.0357
4.712
-2.943
-0.236
0.7868
0.7214
-2.6754
-0.8539
-4.6641
-0.3641
1.6665
-4.9738
-2.6162
8.6435
-3.9153
-2.5076
2.8531
0.2871
0.0435
-2.2716
-5.6774
0.5012
4.5772
-0.414
-0.6279
-4.6785
3.506
-0.1276
1.1943
-5.0806
-3.1396
-4.3183
5.4621
-7.1002
2.3741
-6.6755
-6.7623
4.0765
-0.9812
-5.0382
-0.9365
2.7673
-2.2318
-1.9377
-6.585
0.5659
2.7269
-3.7229
-0.7425
-1.4608
-0.5182
1.2211
3.5444
2.5762
-1.5903
3.0809
-4.7849
0.241
-3.4654
-2.9727
-3.7758
-1.5668
0.1744
-1.5083
1.9311
-1.9129
2.4368
3.0091
2.0485
2.5282
1.4432
-1.3124
4.9652
-2.1832
-0.7096
-0.5325
1.5099
-4.8086
3.5169
0.4748
1.2957
-4.5219
-0.0793
-2.3679
-1.4971
-3.6451
-1.1337
