1.0049
6.2613
5.7486
2.3397
1.1447
0.4005
1.1286
1.7607
2.9725
4.2797
0.1116
4.9013
0.5613
1.0743
3.026
5.4701
4.5085
3.2169
4.1927
4.2167
5.892
2.7107
4.3636
4.3033
2.0514
0.0583
2.0238
4.4484
6.2227
0.2526
4.4694
3.4005
3.9222
1.755
0.2863
2.758
2.6056
5.4606
0.3143
1.8772
1.893
3.6139
2.9761
5.7614
6.1151
1.142
4.2885
5.6484
5.3654
2.6582
3.7364
6.1259
1.5272
3.4498
0.4558
6.1867
4.4192
3.1707
5.5087
1.9527
4.5616
0.1376
4.988
3.6716
3.5082
5.4215
2.1259
2.5353
5.0742
3.9541
5.6539
2.8776
3.7358
3.2837
3.7998
4.0254
1.0901
2.0689
0.7993
2.9409
5.0421
0.8504
1.6739
2.786
3.5745
5.6299
2.16
1.7512
4.2071
6.1805
4.1468
0.0282
5.8627
2.9737
3.5548
1.0259
1.7899
1.5857
6.0951
3.9496
